11 0.00011992454528808594 0.0004360675811767578
21 0.00021314620971679688 0.0012888908386230469
31 0.0003921985626220703 0.0025157928466796875
41 0.0006029605865478516 0.004317045211791992
51 0.0008630752563476562 0.006503105163574219
61 0.0012369155883789062 0.009254217147827148
71 0.0016269683837890625 0.01295018196105957
81 0.002140045166015625 0.0198671817779541
91 0.0027239322662353516 0.015082836151123047
101 0.0016300678253173828 0.014472007751464844
111 0.0019409656524658203 0.016859054565429688
121 0.0022690296173095703 0.020437955856323242
131 0.0026650428771972656 0.02428603172302246
141 0.00304412841796875 0.027458906173706055
151 0.003507852554321289 0.031109094619750977
161 0.003941059112548828 0.03550601005554199
171 0.004452943801879883 0.03981804847717285
181 0.0048770904541015625 0.044554948806762695
191 0.0054187774658203125 0.04983997344970703
201 0.00602412223815918 0.0556640625
211 0.006557941436767578 0.061285972595214844
221 0.00722193717956543 0.06708502769470215
231 0.00791621208190918 0.0738828182220459
241 0.008450031280517578 0.07914590835571289
251 0.009254932403564453 0.08569908142089844
261 0.009948968887329102 0.09322786331176758
271 0.010818958282470703 0.10193896293640137
281 0.01152491569519043 0.10873198509216309
291 0.012463808059692383 0.11625480651855469
301 0.013577938079833984 0.12443709373474121
311 0.014525890350341797 0.13210296630859375
321 0.01538395881652832 0.14143085479736328
331 0.016267061233520508 0.1500988006591797
341 0.017184019088745117 0.16179203987121582
351 0.018160104751586914 0.1702260971069336
361 0.019181013107299805 0.17913579940795898
371 0.020227909088134766 0.18918704986572266
381 0.021389007568359375 0.19986891746520996
391 0.022491931915283203 0.21172881126403809
401 0.02365899085998535 0.22325992584228516
411 0.024865150451660156 0.23351812362670898
421 0.025902986526489258 0.24732089042663574
431 0.027304887771606445 0.2587618827819824
441 0.028556108474731445 0.2705841064453125
451 0.030443906784057617 0.2831549644470215
461 0.03174185752868652 0.29607200622558594
471 0.032792091369628906 0.3078269958496094
481 0.034358978271484375 0.32148098945617676
491 0.03571915626525879 0.33534812927246094
501 0.037034034729003906 0.34954214096069336
511 0.03840017318725586 0.3640940189361572
521 0.039974212646484375 0.3781001567840576
531 0.041229963302612305 0.3938179016113281
541 0.042424917221069336 0.4067821502685547
551 0.043768882751464844 0.42423486709594727
561 0.0466768741607666 0.43382906913757324
571 0.04688096046447754 0.449948787689209
581 0.04867911338806152 0.46938419342041016
591 0.05023694038391113 0.48601794242858887
601 0.05186200141906738 0.5007781982421875
611 0.0536191463470459 0.5169219970703125
621 0.05539679527282715 0.5406749248504639
631 0.057147979736328125 0.5533349514007568
641 0.058908939361572266 0.5714712142944336
651 0.060903072357177734 0.588021993637085
661 0.06255793571472168 0.6159970760345459
671 0.06456184387207031 0.6260669231414795
681 0.0665140151977539 0.6496119499206543
691 0.06842589378356934 0.6699881553649902
701 0.07042908668518066 0.6872148513793945
711 0.07266092300415039 0.7076249122619629
721 0.07464003562927246 0.7288570404052734
731 0.07644319534301758 0.7456660270690918
741 0.07865214347839355 0.7692379951477051
751 0.08051514625549316 0.7905430793762207
761 0.08265399932861328 0.8148300647735596
771 0.08486413955688477 0.8394029140472412
781 0.0870828628540039 0.8660929203033447
791 0.08946418762207031 0.8816981315612793
801 0.09160304069519043 0.9061241149902344
811 0.09385085105895996 0.9318227767944336
821 0.09609413146972656 0.9455010890960693
831 0.09847784042358398 0.9781918525695801
841 0.10078692436218262 1.0058619976043701
851 0.10326504707336426 1.0289528369903564
861 0.10583114624023438 1.0488080978393555
871 0.1079871654510498 1.0768959522247314
881 0.1104271411895752 1.103050947189331
891 0.11296916007995605 1.1272189617156982
901 0.11534786224365234 1.1561028957366943
911 0.11808300018310547 1.1824908256530762
921 0.12066507339477539 1.2040200233459473
931 0.12332701683044434 1.2335281372070312
941 0.12591195106506348 1.2641448974609375
951 0.1285691261291504 1.2890710830688477
961 0.1325228214263916 1.3199338912963867
971 0.1350247859954834 1.3468339443206787
981 0.13849401473999023 1.3715429306030273
991 0.14070796966552734 1.4191138744354248
1001 0.14336800575256348 1.4390010833740234
1011 0.14795398712158203 1.478126049041748
1021 0.14905309677124023 1.4991910457611084
1031 0.1515181064605713 1.5222961902618408
1041 0.15427899360656738 1.649709939956665
1051 0.16150283813476562 1.5975189208984375
1061 0.16149210929870605 1.6181981563568115
1071 0.1644001007080078 1.654958963394165
1081 0.16680121421813965 1.6823959350585938
1091 0.17106294631958008 1.717806100845337
1101 0.1739051342010498 1.7479209899902344
1111 0.18067693710327148 1.7766380310058594
1121 0.18066883087158203 1.8139591217041016
1131 0.18386292457580566 1.8561630249023438
1141 0.18558001518249512 1.8862218856811523
1151 0.1890730857849121 1.912904977798462
1161 0.19316482543945312 1.9552979469299316
1171 0.1958470344543457 1.9873459339141846
1181 0.19987010955810547 2.01507306098938
1191 0.20277905464172363 2.05777907371521
1201 0.20639896392822266 2.121020793914795
1211 0.20902800559997559 2.1297309398651123
1221 0.21312689781188965 2.2097909450531006
1231 0.21503400802612305 2.3415157794952393
1241 0.2514657974243164 2.2770700454711914
1251 0.2223210334777832 2.2608330249786377
1261 0.2258920669555664 2.3154170513153076
1271 0.22896099090576172 2.3337559700012207
1281 0.23207378387451172 2.379117965698242
1291 0.23592281341552734 2.432520866394043
1301 0.2394871711730957 2.4644579887390137
1311 0.24770402908325195 2.489400863647461
1321 0.2472069263458252 2.5452651977539062
1331 0.25143909454345703 2.577742099761963
1341 0.25422191619873047 2.6300480365753174
1351 0.25829601287841797 2.666635036468506
1361 0.26193690299987793 2.6897389888763428
1371 0.26648712158203125 2.73858904838562
1381 0.27504420280456543 2.76226806640625
1391 0.27378296852111816 2.7963788509368896
1401 0.27733302116394043 2.858736038208008
1411 0.28147387504577637 2.895537853240967
1421 0.2861790657043457 2.9394278526306152
1431 0.2918581962585449 2.9839060306549072
1441 0.2933809757232666 3.019906997680664
1451 0.2983880043029785 3.0782809257507324
1461 0.3020200729370117 3.113111972808838
1471 0.3063030242919922 3.171548843383789
1481 0.3099648952484131 3.2087819576263428
1491 0.31430602073669434 3.254366159439087
1501 0.3197519779205322 3.2937710285186768
1511 0.32297396659851074 3.3800599575042725
1521 0.3276841640472412 3.409883975982666
1531 0.3319888114929199 3.4378750324249268
1541 0.336622953414917 3.5020110607147217
1551 0.3405110836029053 3.518960952758789
1561 0.3451850414276123 3.5898611545562744
1571 0.34972310066223145 3.6443707942962646
1581 0.3529059886932373 3.679352045059204
1591 0.357342004776001 3.722867965698242
1601 0.3618199825286865 3.775078058242798
1611 0.3700740337371826 3.831395149230957
1621 0.3707709312438965 3.8700428009033203
1631 0.37546205520629883 3.9266459941864014
1641 0.37984490394592285 4.194033145904541
1651 0.38339686393737793 4.046794891357422
1661 0.3892531394958496 4.070474147796631
1671 0.39386892318725586 4.151335954666138
1681 0.3989109992980957 4.1931540966033936
1691 0.40462803840637207 4.2346110343933105
1701 0.4097449779510498 4.276136875152588
1711 0.41169309616088867 4.35705304145813
1721 0.4182121753692627 4.38158392906189
1731 0.4226861000061035 4.460263967514038
1741 0.4275779724121094 4.488095045089722
1751 0.4322810173034668 4.574501037597656
1761 0.4371378421783447 4.624624967575073
1771 0.44265007972717285 4.6961140632629395
1781 0.44659996032714844 4.722107887268066
1791 0.45427799224853516 4.762277126312256
1801 0.45767807960510254 4.871706008911133
1811 0.46216893196105957 4.88260293006897
1821 0.4676361083984375 4.958950042724609
1831 0.47327494621276855 5.042093992233276
1841 0.4786570072174072 5.089128017425537
1851 0.4842240810394287 5.400922060012817
1861 0.48841190338134766 5.1886351108551025
1871 0.4942138195037842 5.259864091873169
1881 0.4984710216522217 5.322628974914551
1891 0.5044121742248535 5.359954118728638
1901 0.5104320049285889 5.428084135055542
1911 0.5145230293273926 5.5121729373931885
1921 0.5198678970336914 5.522240877151489
1931 0.5249269008636475 5.635596990585327
1941 0.5302410125732422 5.72417688369751
1951 0.5363020896911621 5.771130084991455
1961 0.5416920185089111 5.8064470291137695
1971 0.547051191329956 5.911249876022339
1981 0.5528149604797363 5.94818115234375
1991 0.5578620433807373 6.020761966705322
2001 0.5647068023681641 6.047525882720947
2011 0.5689239501953125 6.097045183181763
2021 0.5760400295257568 6.188971042633057
2031 0.5808157920837402 6.251537084579468
2041 0.5865378379821777 6.3358049392700195
2051 0.5926551818847656 6.403652906417847
2061 0.5980398654937744 6.460039854049683
2071 0.603978157043457 6.5226171016693115
2081 0.6103417873382568 6.610052108764648
2091 0.6171860694885254 6.666845083236694
2101 0.6264328956604004 6.7127439975738525
2111 0.6274769306182861 6.7703258991241455
2121 0.6327450275421143 6.908987045288086
2131 0.6391949653625488 6.92146897315979
2141 0.6451690196990967 7.095628023147583
2151 0.8098139762878418 7.2277538776397705
2161 0.6633310317993164 7.117440938949585
2171 0.664452075958252 7.203071117401123
2181 0.6691288948059082 7.273890972137451
2191 0.6759381294250488 7.356220006942749
2201 0.6813399791717529 7.512220859527588
2211 0.6875219345092773 7.546433925628662
2221 0.6944160461425781 7.558025121688843
2231 0.7045462131500244 7.828511953353882
2241 0.718621015548706 7.893583059310913
2251 0.7145330905914307 7.800513029098511
2261 0.720944881439209 7.8670549392700195
2271 0.7263309955596924 7.937774181365967
2281 0.7319488525390625 8.025120973587036
2291 0.7374680042266846 8.128243923187256
2301 0.7443320751190186 8.225661993026733
2311 0.753004789352417 8.257746934890747
2321 0.7578089237213135 8.291300058364868
2331 0.7637040615081787 8.438453197479248
2341 0.7713479995727539 8.524761199951172
2351 0.7769250869750977 8.596611022949219
2361 0.7840218544006348 8.669908046722412
2371 0.7907390594482422 8.785964965820312
2381 0.7942969799041748 8.810654163360596
2391 0.8041050434112549 8.873402118682861
2401 0.8106310367584229 8.976083993911743
2411 0.8167641162872314 9.030732154846191
2421 0.8238351345062256 9.177500009536743
2431 0.8367259502410889 9.246068954467773
2441 0.8375000953674316 9.416843175888062
2451 0.8458731174468994 9.46713900566101
2461 0.8517940044403076 9.501024007797241
2471 0.8584878444671631 9.623515844345093
2481 0.8648760318756104 9.832392930984497
2491 0.8741579055786133 9.764281988143921
2501 0.8823339939117432 9.920358896255493
2511 0.8867230415344238 9.907254934310913
2521 0.8928289413452148 10.071408987045288
2531 0.8987929821014404 10.132755994796753
2541 0.9083027839660645 10.28797197341919
2551 0.9147460460662842 10.342880964279175
2561 0.9218769073486328 10.364840030670166
2571 0.9308271408081055 10.458059072494507
2581 0.9371359348297119 10.495757102966309
2591 0.9438910484313965 10.700232028961182
2601 0.9518189430236816 10.759062051773071
2611 0.9586451053619385 10.850805044174194
2621 0.966810941696167 10.964784145355225
2631 0.9731099605560303 10.98843002319336
2641 0.9828240871429443 11.140745162963867
2651 0.9943921566009521 11.209282875061035
2661 0.9963421821594238 11.332154035568237
2671 1.0037460327148438 11.413087129592896
2681 1.010106086730957 11.475664854049683
2691 1.019968032836914 11.55037808418274
2701 1.0254499912261963 11.716733932495117
2711 1.0387320518493652 11.765466928482056
2721 1.0401408672332764 11.865689039230347
2731 1.0487909317016602 12.05358600616455
2741 1.120776891708374 12.092909097671509
2751 1.0637269020080566 12.17788314819336
2761 1.0716040134429932 12.292055130004883
2771 1.0784869194030762 12.425347089767456
2781 1.0875368118286133 12.452777862548828
2791 1.097127914428711 12.548506021499634
2801 1.104672908782959 12.631341934204102
2811 1.1112899780273438 12.800122022628784
2821 1.11832594871521 12.875854969024658
2831 1.1297519207000732 12.95563292503357
2841 1.134357213973999 13.023323059082031
2851 1.1426880359649658 13.20635986328125
2861 1.1514911651611328 13.32665205001831
2871 1.157639980316162 13.431836128234863
2881 1.1645960807800293 13.505728960037231
2891 1.1731820106506348 13.61274790763855
2901 1.1816420555114746 13.753254890441895
2911 1.1893649101257324 13.82608699798584
2921 1.207991123199463 13.951287031173706
2931 1.2076201438903809 14.016050100326538
2941 1.2149238586425781 14.342289924621582
2951 1.2239580154418945 14.319455862045288
2961 1.2329449653625488 14.457458972930908
2971 1.2455778121948242 14.49099087715149
2981 1.2540290355682373 14.661696910858154
2991 1.2594611644744873 14.721018075942993
3001 1.272655963897705 14.781978845596313
3011 1.281635046005249 14.971378803253174
3021 1.2843389511108398 15.049762964248657
3031 1.291351079940796 15.220453023910522
3041 1.3029708862304688 15.33040189743042
3051 1.3094079494476318 15.301844120025635
3061 1.3196098804473877 15.548081874847412
3071 1.3298969268798828 15.594838857650757
3081 1.3344810009002686 15.82468295097351
3091 1.3455469608306885 15.850962162017822
3101 1.353605031967163 15.92750597000122
3111 1.3612008094787598 16.041019916534424
3121 1.3712940216064453 16.40906310081482
3131 1.3769328594207764 16.22866201400757
3141 1.3858802318572998 16.457638025283813
3151 1.3964769840240479 16.53561305999756
3161 1.4068200588226318 16.68205189704895
3171 1.4116261005401611 16.66489601135254
3181 1.4218950271606445 16.87076497077942
3191 1.4295110702514648 16.97435688972473
3201 1.4367461204528809 17.134504079818726
3211 1.4463140964508057 17.16578698158264
3221 1.455712080001831 17.349779844284058
3231 1.4676451683044434 17.515093088150024
3241 1.4792718887329102 17.57516098022461
3251 1.4814701080322266 17.705560207366943
3261 1.491663932800293 17.740976095199585
3271 1.5027801990509033 17.905177116394043
3281 1.512317180633545 18.092246055603027
3291 1.7225849628448486 18.144003868103027
3301 1.5319700241088867 18.364749908447266
3311 1.5425631999969482 18.452120065689087
3321 1.5473899841308594 18.668776988983154
3331 1.5664329528808594 18.811124086380005
3341 1.5840229988098145 18.879011869430542
3351 1.6162488460540771 19.022331953048706
3361 1.5889179706573486 19.09123182296753
3371 1.5998351573944092 19.252784967422485
3381 1.6094329357147217 19.332733869552612
3391 1.6197710037231445 19.547321796417236
3401 1.6308341026306152 19.70829486846924
3411 1.6400279998779297 19.754672050476074
3421 1.6440670490264893 19.88275408744812
3431 1.6510510444641113 20.534080982208252
3441 1.663421869277954 20.188230991363525
3451 1.6751110553741455 20.19714593887329
3461 1.6829140186309814 20.451050996780396
3471 1.6906712055206299 20.59261393547058
3481 1.7008531093597412 20.610108137130737
3491 1.7116320133209229 20.83332085609436
3501 1.720418930053711 20.948723077774048
3511 1.729567050933838 21.038763999938965
3521 1.7407069206237793 21.0818350315094
3531 1.7498679161071777 21.28690505027771
3541 1.7586250305175781 21.57687997817993
3551 1.7698750495910645 21.617383003234863
3561 1.7821249961853027 22.529247045516968
3571 1.8316099643707275 22.177007913589478
3581 1.8004820346832275 22.089740991592407
3591 1.8097620010375977 22.23799204826355
3601 1.8247158527374268 22.421607971191406
3611 1.8631110191345215 22.727555990219116
3621 1.8450257778167725 22.652799129486084
3631 1.8544659614562988 22.772992849349976
3641 1.8646478652954102 23.02040696144104
3651 1.87345290184021 23.10240602493286
3661 1.8838579654693604 23.236636877059937
3671 1.8991479873657227 23.328707933425903
3681 1.9028651714324951 23.66987705230713
3691 1.9195289611816406 23.555210828781128
3701 1.9276368618011475 23.925196886062622
3711 1.9353880882263184 23.914122819900513
3721 1.9452838897705078 23.982614994049072
3731 1.9599249362945557 24.260792016983032
3741 1.97121000289917 24.290656805038452
3751 1.9807889461517334 24.448904991149902
3761 1.9843978881835938 24.613370895385742
3771 1.9953320026397705 24.747002124786377
3781 2.0083680152893066 24.89927101135254
3791 2.0189530849456787 25.01429510116577
3801 2.0265769958496094 25.618501901626587
3811 2.042717933654785 25.248689889907837
3821 2.0484321117401123 25.4881329536438
3831 2.0592191219329834 25.567846059799194
3841 2.076037883758545 25.883086919784546
3851 2.0804460048675537 26.058563947677612
3861 2.094597816467285 26.061986923217773
3871 2.1040639877319336 26.29800510406494
3881 2.113007068634033 26.721964120864868
3891 2.1492109298706055 26.476341009140015
3901 2.1349141597747803 27.054140090942383
3911 2.1462628841400146 26.925060987472534
3921 2.1571481227874756 27.094089031219482
3931 2.1713039875030518 27.356868028640747
3941 2.1763408184051514 27.3734929561615
3951 2.1974120140075684 27.55229115486145
3961 2.201702117919922 27.62899899482727
3971 2.2152907848358154 27.795989990234375
3981 2.2214319705963135 28.060580015182495
3991 2.23409104347229 28.122699975967407
4001 2.2496471405029297 28.277462005615234
4011 2.4370579719543457 28.381974935531616
4021 2.2711989879608154 28.643704891204834
4031 2.282335042953491 28.92629313468933
4041 2.2899250984191895 28.921864986419678
4051 2.316127061843872 29.10816502571106
4061 2.312288999557495 29.22402000427246
4071 2.326184034347534 29.45022201538086
4081 2.337261915206909 29.752485990524292
4091 2.3449699878692627 29.793669939041138
4101 2.3585031032562256 30.083991050720215
4111 2.3711860179901123 29.966376066207886
4121 2.3804819583892822 30.2258780002594
4131 2.3986611366271973 30.413238048553467
4141 2.4062211513519287 30.71799397468567
4151 2.42208194732666 30.814826011657715
4161 2.434159994125366 31.00425696372986
4171 2.4454591274261475 31.0575749874115
4181 2.4668588638305664 31.329150915145874
4191 2.45945405960083 31.57346200942993
4201 2.4897620677948 31.628003120422363
4211 2.484448194503784 31.759092092514038
4221 2.49638295173645 31.983507871627808
4231 2.50734806060791 32.11238408088684
4241 2.517934799194336 32.28741693496704
4251 2.5316660404205322 32.54621481895447
4261 2.5451040267944336 32.652164936065674
4271 2.562509059906006 32.93743586540222
4281 2.5675811767578125 33.15178608894348
4291 2.5838780403137207 33.22285509109497
4301 2.600559949874878 33.39424800872803
4311 2.6066200733184814 33.60632395744324
4321 2.630581855773926 33.88449501991272
4331 2.6319069862365723 33.91802501678467
4341 2.643670082092285 34.29523992538452
4351 2.685084104537964 34.283833026885986
4361 2.6652119159698486 34.57967686653137
4371 2.686892032623291 34.89186406135559
4381 2.688215970993042 35.044771909713745
4391 2.7034080028533936 35.10855507850647
4401 2.7173080444335938 35.33790707588196
4411 2.7295408248901367 35.464560985565186
4421 2.738054037094116 35.82020592689514
4431 2.7527339458465576 35.878998041152954
4441 2.7670090198516846 36.2679169178009
4451 2.783282995223999 36.12039804458618
4461 2.7957959175109863 36.47363495826721
4471 2.8094499111175537 36.577751874923706
4481 2.8151512145996094 36.799843072891235
4491 2.8410398960113525 36.71049690246582
4501 2.84804105758667 37.01444888114929
4511 2.86929988861084 37.50945591926575
4521 2.881101131439209 37.84266495704651
4531 2.894963026046753 37.811229944229126
4541 2.897686004638672 38.125638008117676
4551 2.924140214920044 38.21600699424744
4561 2.9321908950805664 38.19127607345581
4571 2.933336019515991 38.548360109329224
4581 2.9494218826293945 38.65580892562866
4591 2.9623160362243652 39.126315116882324
4601 2.974323034286499 39.04435610771179
4611 2.9815402030944824 39.07775592803955
4621 2.9961390495300293 39.34115409851074
4631 3.0099689960479736 39.60117983818054
4641 3.0215821266174316 39.722249031066895
4651 3.0391368865966797 39.950762033462524
4661 3.051074981689453 40.359155893325806
4671 3.0681979656219482 40.367981910705566
4681 3.0697569847106934 40.51680898666382
4691 3.081968069076538 40.70861792564392
4701 3.0959911346435547 41.1434440612793
4711 3.1141459941864014 41.21275615692139
4721 3.1283631324768066 41.52178406715393
4731 3.1474449634552 41.86478900909424
4741 3.151823043823242 41.96019506454468
4751 3.1645867824554443 42.254611015319824
4761 3.1812689304351807 42.45779800415039
4771 3.1916890144348145 42.390416860580444
4781 3.2051749229431152 42.645496129989624
4791 3.2172939777374268 42.98638200759888
4801 3.247905969619751 42.99784708023071
4811 3.2845778465270996 43.25020694732666
4821 3.255750894546509 43.39541721343994
4831 3.266077995300293 43.45891094207764
4841 3.2920429706573486 43.75732088088989
4851 3.3231310844421387 43.86799597740173
4861 3.311652898788452 44.7014639377594
4871 3.3267550468444824 44.40114712715149
4881 3.3476481437683105 44.92788314819336
4891 3.373948812484741 45.31268906593323
4901 3.3662869930267334 45.09818506240845
4911 3.3779499530792236 45.45016407966614
4921 3.4154129028320312 45.759928941726685
4931 3.422847032546997 45.779402017593384
4941 3.4292991161346436 46.227116107940674
4951 3.449030876159668 46.09083390235901
4961 3.4547319412231445 46.60494899749756
4971 3.4735119342803955 46.899758100509644
4981 3.488494873046875 47.258408069610596
4991 3.494586944580078 47.031041860580444
5001 3.515934944152832 47.4343900680542
5011 3.5187580585479736 47.732853174209595
5021 3.5325520038604736 47.70918607711792
5031 3.545804023742676 48.15004897117615
5041 3.5616118907928467 48.23817205429077
5051 3.577587127685547 48.35136294364929
5061 3.5903480052948 48.349061012268066
5071 3.6069328784942627 48.89869403839111
5081 3.617810010910034 49.15626096725464
5091 3.659749984741211 49.81083798408508
5101 3.6592650413513184 49.843684911727905
5111 3.661691904067993 49.72670388221741
5121 3.689866065979004 50.14591097831726
5131 3.765531063079834 50.00410580635071
5141 3.714354991912842 50.368513107299805
5151 3.7117178440093994 50.69684195518494
5161 3.744770050048828 50.84867596626282
5171 3.7456929683685303 51.088021993637085
5181 3.761061906814575 51.22257685661316
5191 3.7763819694519043 51.302013874053955
5201 3.8333780765533447 51.96400189399719
5211 3.8432929515838623 52.08532404899597
5221 3.8203768730163574 52.17903399467468
5231 3.83365797996521 52.702369928359985
5241 3.8485660552978516 52.69285607337952
5251 3.8721330165863037 52.85510492324829
5261 3.8846800327301025 53.37455105781555
5271 3.9014618396759033 53.393786907196045
5281 3.9044530391693115 53.828309059143066
5291 3.9235880374908447 53.72903299331665
5301 3.935858964920044 54.17348098754883
5311 3.953336000442505 54.52921986579895
5321 3.9718101024627686 54.87840414047241
5331 3.9813737869262695 55.03778696060181
5341 4.000019788742065 55.43533706665039
5351 4.010166168212891 55.34445595741272
5361 4.025079011917114 55.849196910858154
5371 4.054129123687744 55.909038066864014
5381 4.055555820465088 56.18567109107971
5391 4.084218978881836 56.25029110908508
5401 4.097867965698242 56.90187907218933
5411 4.110338926315308 57.39906096458435
5421 4.1201159954071045 57.11007595062256
5431 4.136538028717041 57.246399879455566
5441 4.1502320766448975 57.618330001831055
5451 4.172099828720093 57.84714388847351
5461 4.188990116119385 58.50037217140198
5471 4.188452959060669 58.10601186752319
5481 4.210903882980347 58.5899019241333
5491 4.227118968963623 58.57233190536499
5501 4.2407941818237305 59.16049313545227
5511 4.247225046157837 60.18256187438965
5521 4.2733659744262695 59.66671800613403
5531 4.310755968093872 60.170159101486206
5541 4.305853843688965 60.0786190032959
5551 4.350131034851074 60.440747022628784
5561 4.341449022293091 60.70524597167969
5571 4.363240957260132 60.64739680290222
5581 4.36898398399353 60.94578504562378
5591 4.3888750076293945 61.457555055618286
5601 4.39989709854126 61.61797213554382
5611 4.407692909240723 61.58971190452576
5621 4.424055814743042 61.94996190071106
5631 4.442176103591919 62.49897503852844
5641 4.465487003326416 62.90405297279358
5651 4.470180034637451 62.93992209434509
5661 4.491634130477905 63.30343818664551
5671 4.501307964324951 63.17670202255249
5681 4.5173499584198 63.319233894348145
5691 4.540085792541504 64.0718469619751
5701 4.579957962036133 64.2584490776062
5711 4.568110942840576 64.21794080734253
5721 4.587810039520264 64.64995098114014
5731 4.616448879241943 64.9627149105072
5741 4.616480112075806 64.91610193252563
5751 4.633892059326172 65.3643090724945
5761 4.650602102279663 65.403489112854
5771 4.666880130767822 66.23959302902222
5781 4.699311017990112 66.09884190559387
5791 4.709341049194336 66.62